#First Script 
3 + 5 
3*5

x <- 3 * 5 
y = x * 7 
